%Q5_2_2

fs = 48000;
out = 2 * fs;
%for ii = 1:5
    